Clay|430890
Hard|382418
Grass|52600
Carpet|49084
UNKNOWN|6393
32|5660
128|2284
64|1197
56|934
48|885
32.0|624
96|482
28|270
128.0|264
56.0|161
48.0|106
8|90
96.0|62
30.0232717317|17
33.2566735113|16
30.5407255305|16
8.0|15
27.8275154004|15
28.8542094456|14
33.1635865845|13
33.0184804928|13
28.9308692676|13
35.5838466804|12
34.1875427789|12
32.3367556468|12
32.2409308693|12
31.1403148528|12
31.0171115674|12
30.3901437372|12
30.1765913758|12
29.9274469541|12
26.392881588|12
35.947980835|11
34.9404517454|11
34.6721423682|11
34.379192334|11
34.3764544832|11
34.2340862423|11
33.5742642026|11
33.3141683778|11
33.0485968515|11
31.8877481177|11
31.4825462012|11
30.4859685147|11
29.659137577|11
29.3552361396|11
29.2183436003|11
27.1950718686|11
25.8891170431|11
24.7474332649|11
39.8877481177|10
37.8672142368|10
35.0280629706|10
34.9733059548|10
34.9623545517|10
34.855578371|10
34.2149212868|10
34.0150581793|10
33.4976043806|10
33.4784394251|10
33.4291581109|10
33.18275154|10
33.0951403149|10
33.0759753593|10
32.9308692676|10
32.8569472964|10
32.7446954141|10
32.3394934976|10
31.2936344969|10
31.0581793292|10
30.8309377139|10
30.6201232033|10
30.3737166324|10
30.2915811088|10
29.4866529774|10
28.9363449692|10
28.8925393566|10
28.7008898015|10
27.9534565366|10
27.5318275154|10
25.6837782341|10
25.4045174538|10
38.2313483915|9
37.8480492813|9
36.2737850787|9
35.7864476386|9
35.6714579055|9
34.8473648186|9
34.2587268994|9
34.0807665982|9
33.8425735797|9
33.5359342916|9
33.3360711841|9
32.6926762491|9
32.5667351129|9
32.4572210815|9
32.4298425736|9
32.3422313484|9
32.2847364819|9
32.2737850787|9
32.2080766598|9
32.052019165|9
32.0164271047|9
31.65229295|9
31.537303217|9
31.394934976|9
31.0937713895|9
30.9048596851|9
30.8884325804|9
30.7707049966|9
30.7296372348|9
30.6776180698|9
30.6557152635|9
29.9082819986|9
29.9055441478|9
29.5441478439|9
29.3716632444|9
29.3470225873|9
29.1471594798|9
29.0266940452|9
28.7611225188|9
28.6461327858|9
28.501026694|9
28.4736481862|9
28.424366872|9
28.3175906913|9
28.2600958248|9
28.1779603012|9
28.0657084189|9
28.0273785079|9
27.8658453114|9
27.7563312799|9
27.6030116359|9
26.6228610541|9
26.2587268994|9
37.3524982888|8
37.311430527|8
37.0704996578|8
36.6543463381|8
36.2819986311|8
36.0082135524|8
35.8056125941|8
35.7097878166|8
35.4579055441|8
35.1649555099|8
35.1540041068|8
34.8281998631|8
34.7433264887|8
34.71321013|8
34.5900068446|8
34.4914442163|8
34.4421629021|8
33.7850787132|8
33.7330595483|8
33.697467488|8
33.3935660507|8
33.3169062286|8
33.2621492129|8
33.2511978097|8
33.2183436003|8
33.1526351814|8
33.067761807|8
33.0458590007|8
32.9500342231|8
32.2819986311|8
31.7919233402|8
31.6632443532|8
31.3264887064|8
31.2772073922|8
31.1731690623|8
30.6694045175|8
30.5160848734|8
30.4449007529|8
30.2395619439|8
30.045174538|8
29.9137577002|8
29.7385352498|8
29.7138945927|8
29.6783025325|8
29.6563997262|8
29.4674880219|8
29.4483230664|8
29.4318959617|8
29.1115674196|8
29.0622861054|8
28.9691991786|8
28.7939767283|8
28.6872005476|8
28.3312799452|8
28.167008898|8
28.1095140315|8
28.090349076|8
27.832991102|8
27.7727583847|8
27.4360027379|8
27.1238877481|8
26.9815195072|8
26.8391512663|8
26.6611909651|8
26.4229979466|8
25.87816564|8
25.5441478439|8
25.2785763176|8
25.2320328542|8
25.0595482546|8
25.0102669405|8
24.076659822|8
24.0|8
23.7316906229|8
38.4804928131|7
37.3333333333|7
37.2594113621|7
36.9856262834|7
36.1505817933|7
36.0355920602|7
35.9589322382|7
35.9397672827|7
35.9370294319|7
35.8521560575|7
35.8439425051|7
35.5728952772|7
35.498973306|7
35.4414784394|7
35.4140999316|7
35.2991101985|7
35.2689938398|7
34.9377138946|7
34.8446269678|7
34.6064339493|7
34.5188227242|7
34.4229979466|7
34.340862423|7
34.288843258|7
34.2532511978|7
34.1108829569|7
34.0971937029|7
34.0479123888|7
33.9657768652|7
33.87816564|7
33.8316221766|7
33.7412731006|7
33.6563997262|7
33.5633127995|7
33.5167693361|7
33.5058179329|7
33.440109514|7
33.4318959617|7
33.3716632444|7
33.1416837782|7
32.9691991786|7
32.8980150582|7
32.8186173854|7
32.8076659822|7
32.7227926078|7
32.6488706366|7
32.6461327858|7
32.6269678303|7
32.4353182752|7
32.3805612594|7
32.1642710472|7
32.0547570157|7
31.9917864476|7
31.8986995209|7
31.780971937|7
31.7234770705|7
31.5592060233|7
31.485284052|7
31.2881587953|7
31.2717316906|7
31.266255989|7
31.2553045859|7
31.2388774812|7
31.0965092402|7
31.0034223135|7
30.8720054757|7
30.8364134155|7
30.7351129363|7
30.6940451745|7
30.5817932923|7
30.4887063655|7
30.4777549624|7
30.2696783025|7
30.2532511978|7
30.2422997947|7
30.1574264203|7
30.0807665982|7
30.0780287474|7
29.9329226557|7
29.916495551|7
29.8891170431|7
29.7960301164|7
29.7905544148|7
29.7440109514|7
29.7056810404|7
29.5879534565|7
29.5770020534|7
29.4811772758|7
29.4236824093|7
29.2895277207|7
29.2813141684|7
29.1854893908|7
29.1800136893|7
29.0650239562|7
29.0485968515|7
28.9883641342|7
28.8733744011|7
28.8432580424|7
28.8350444901|7
28.8323066393|7
28.810403833|7
28.6981519507|7
28.6132785763|7
28.5722108145|7
28.5092402464|7
28.4709103354|7
28.3696098563|7
28.2792607803|7
28.2354551677|7
28.1971252567|7
28.1560574949|7
28.1451060917|7
28.1204654346|7
27.8384668036|7
27.8138261465|7
27.7782340862|7
27.7207392197|7
27.6468172485|7
27.6084873374|7
27.575633128|7
27.5537303217|7
27.4004106776|7
27.3648186174|7
27.3374401095|7
27.3347022587|7
27.1868583162|7
27.0691307324|7
27.0006844627|7
26.7926078029|7
26.5735797399|7
26.3764544832|7
26.3682409309|7
26.160164271|7
26.0342231348|7
25.9383983573|7
25.5222450376|7
25.1252566735|7
24.8076659822|7
24.5968514716|7
24.3258042437|7
24.0574948665|7
24.0301163587|7
24.0246406571|7
41.2292950034|6
40.8843258042|6
40.4435318275|6
40.3285420945|6
40.1916495551|6
40.1752224504|6
38.5817932923|6
37.7823408624|6
37.7166324435|6
37.5003422313|6
37.1882272416|6
37.1663244353|6
37.1197809719|6
37.0212183436|6
36.9637234771|6
36.9555099247|6
36.848733744|6
36.7857631759|6
36.5749486653|6
36.4024640657|6
36.3230663929|6
36.2655715264|6
36.2272416153|6
36.1724845996|6
36.1177275838|6
35.9890485969|6
35.9835728953|6
35.8247775496|6
35.7399041752|6
35.5646817248|6
35.318275154|6
35.3073237509|6
35.1704312115|6
35.1321013005|6
35.1156741958|6
35.0773442847|6
35.0746064339|6
35.0691307324|6
35.0116358658|6
34.932238193|6
34.893908282|6
34.8090349076|6
34.8008213552|6
34.7460643395|6
34.5215605749|6
34.4531143053|6
34.4257357974|6
34.3299110198|6
34.3189596167|6
34.302532512|6
34.2970568104|6
34.2724161533|6
34.2258726899|6
34.1574264203|6
34.0889801506|6
34.0232717317|6
34.0205338809|6
33.9767282683|6
33.9329226557|6
33.8672142368|6
33.8507871321|6
33.7166324435|6
33.5523613963|6
33.5112936345|6
33.5085557837|6
33.492128679|6
33.4592744695|6
33.453798768|6
33.4264202601|6
33.401779603|6
33.3223819302|6
33.3004791239|6
33.2977412731|6
33.106091718|6
33.0869267625|6
33.0841889117|6
33.0239561944|6
32.9911019849|6
32.9883641342|6
32.9801505818|6
32.9609856263|6
32.9226557153|6
32.720054757|6
32.5503080082|6
32.5338809035|6
32.4955509925|6
32.4873374401|6
32.476386037|6
32.4325804244|6
32.3641341547|6
32.3449691992|6
32.2628336756|6
32.2436687201|6
32.2354551677|6
32.167008898|6
32.1396303901|6
32.0355920602|6
32.0328542094|6
32.0301163587|6
32.0273785079|6
31.6714579055|6
31.6577686516|6
31.6331279945|6
31.5564681725|6
31.4606433949|6
31.4579055441|6
31.3894592745|6
31.3812457221|6
31.3292265572|6
31.2306639288|6
31.2251882272|6
31.189596167|6
31.1868583162|6
31.0828199863|6
31.0417522245|6
30.8062970568|6
30.7515400411|6
30.7405886379|6
30.726899384|6
30.6529774127|6
30.636550308|6
30.6173853525|6
30.5626283368|6
30.4640657084|6
30.4613278576|6
30.4421629021|6
30.3463381246|6
30.3107460643|6
30.2970568104|6
30.2943189596|6
30.2751540041|6
30.2149212868|6
30.135523614|6
30.0588637919|6
29.8809034908|6
29.8699520876|6
29.697467488|6
29.6399726215|6
29.4182067077|6
29.3141683778|6
29.2046543463|6
29.1772758385|6
29.1033538672|6
29.0814510609|6
29.0787132101|6
29.0349075975|6
28.9938398357|6
28.9117043121|6
28.8624229979|6
28.7227926078|6
28.7145790554|6
28.6625598905|6
28.6516084873|6
28.6242299795|6
28.5804243669|6
28.4845995893|6
28.462696783|6
28.4052019165|6
28.2847364819|6
28.2546201232|6
28.2491444216|6
28.2026009582|6
28.1478439425|6
28.1314168378|6
28.128678987|6
28.0219028063|6
27.9972621492|6
27.8767967146|6
27.8466803559|6
27.8220396988|6
27.7316906229|6
27.7262149213|6
27.6112251882|6
27.5400410678|6
27.5154004107|6
27.4551676934|6
27.3675564682|6
27.1786447639|6
27.1156741958|6
27.099247091|6
27.0390143737|6
27.0253251198|6
26.9185489391|6
26.8747433265|6
26.8583162218|6
26.8199863107|6
26.7734428474|6
26.688569473|6
26.5790554415|6
26.3901437372|6
26.3600273785|6
26.3326488706|6
25.9219712526|6
25.8343600274|6
25.7796030116|6
25.7768651608|6
25.7412731006|6
25.4620123203|6
25.1334702259|6
25.0759753593|6
25.0732375086|6
25.0431211499|6
24.977412731|6
24.8733744011|6
24.6379192334|6
24.4544832307|6
24.386036961|6
23.8603696099|6
23.4250513347|6
22.5790554415|6
22.3271731691|6
43.370294319|5
42.9486652977|5
40.8076659822|5
40.2710472279|5
39.446954141|5
39.3319644079|5
39.1950718686|5
39.1786447639|5
38.8254620123|5
38.7542778919|5
38.7186858316|5
38.4147843943|5
38.1054072553|5
38.0725530459|5
38.0670773443|5
37.9329226557|5
37.87816564|5
37.864476386|5
37.7056810404|5
37.6947296372|5
37.6892539357|5
37.6372347707|5
37.582477755|5
37.440109514|5
37.4318959617|5
37.4291581109|5
37.3716632444|5
37.2429842574|5
37.1772758385|5
36.8980150582|5
36.8323066393|5
36.7310061602|5
36.6844626968|5
36.6132785763|5
36.4216290212|5
36.3969883641|5
36.3805612594|5
36.2847364819|5
36.2792607803|5
36.2464065708|5
36.1232032854|5
36.1122518823|5
36.0930869268|5
35.9972621492|5
35.9288158795|5
35.8904859685|5
35.8822724162|5
35.8631074606|5
35.8548939083|5
35.8138261465|5
35.794661191|5
35.7891854894|5
35.7481177276|5
35.7453798768|5
35.7015742642|5
35.6906228611|5
35.6495550992|5
35.6413415469|5
35.5920602327|5
35.5509924709|5
35.5290896646|5
35.4962354552|5
35.4688569473|5
35.3839835729|5
35.3483915127|5
35.3456536619|5
35.3264887064|5
35.2854209446|5
35.279945243|5
35.2607802875|5
35.2498288843|5
35.2470910335|5
35.0937713895|5
35.0034223135|5
34.9787816564|5
34.9212867899|5
34.8254620123|5
34.8227241615|5
34.7980835044|5
34.7789185489|5
34.674880219|5
34.6557152635|5
34.6392881588|5
34.6255989049|5
34.6228610541|5
34.5845311431|5
34.5297741273|5
34.4558521561|5
34.4449007529|5
34.4284736482|5
34.3874058864|5
34.3846680356|5
34.2614647502|5
34.2450376454|5
34.1300479124|5
34.1026694045|5
34.0424366872|5
33.9712525667|5
33.9466119097|5
33.9137577002|5
33.864476386|5
33.8288843258|5
33.7932922656|5
33.7248459959|5
33.6098562628|5
33.5934291581|5
33.5468856947|5
33.53045859|5
33.4866529774|5
33.3552361396|5
33.3497604381|5
33.3196440794|5
33.3059548255|5
33.273100616|5
33.2375085558|5
33.1854893908|5
33.1033538672|5
33.0650239562|5
33.029431896|5
33.0020533881|5
32.9719370294|5
32.9527720739|5
32.9144421629|5
32.8733744011|5
32.8268309377|5
32.7885010267|5
32.6735112936|5
32.629705681|5
32.5557837098|5
32.5475701574|5
32.5092402464|5
32.462696783|5
32.4106776181|5
32.3887748118|5
32.3613963039|5
32.2984257358|5
32.2655715264|5
32.2464065708|5
32.1889117043|5
32.1779603012|5
32.1505817933|5
32.1314168378|5
32.1204654346|5
32.1122518823|5
31.9972621492|5
31.9342915811|5
31.8466803559|5
31.7262149213|5
31.6386036961|5
31.6358658453|5
31.6194387406|5
31.6167008898|5
31.613963039|5
31.6057494867|5
31.5838466804|5
31.5318275154|5
31.4743326489|5
31.4524298426|5
31.3867214237|5
31.3429158111|5
31.318275154|5
31.3073237509|5
31.2169746749|5
31.2032854209|5
31.1567419576|5
31.112936345|5
31.0746064339|5
31.0061601643|5
30.9021218344|5
30.855578371|5
30.8528405202|5
30.8090349076|5
30.7816563997|5
30.7734428474|5
30.7104722793|5
30.6338124572|5
30.5790554415|5
30.5352498289|5
30.4804928131|5
30.4038329911|5
30.3846680356|5
30.3052703628|5
30.288843258|5
30.2778918549|5
30.2477754962|5
30.2203969884|5
30.2094455852|5
30.1902806297|5
30.1629021218|5
30.1409993155|5
30.1026694045|5
30.083504449|5
30.0643394935|5
30.0506502396|5
30.0095824778|5
29.9822039699|5
29.9493497604|5
29.8754277892|5
29.8288843258|5
29.8097193703|5
29.7330595483|5
29.7303216975|5
29.6837782341|5
29.6481861739|5
29.6454483231|5
29.6427104723|5
29.620807666|5
29.6153319644|5
29.6043805613|5
29.6016427105|5
29.5961670089|5
29.5852156057|5
29.5660506502|5
29.5633127995|5
29.5578370979|5
29.5222450376|5
29.4729637235|5
29.4647501711|5
29.4510609172|5
29.4455852156|5
29.4154688569|5
29.3880903491|5
29.3661875428|5
29.3442847365|5
29.3305954825|5
29.3196440794|5
29.2785763176|5
29.2758384668|5
29.273100616|5
29.2457221081|5
29.1991786448|5
29.1745379877|5
29.1553730322|5
29.0075290897|5
28.977412731|5
28.9062286105|5
28.900752909|5
28.8980150582|5
28.8295687885|5
28.8240930869|5
28.8186173854|5
28.7529089665|5
28.7419575633|5
28.6598220397|5
28.5393566051|5
28.5229295003|5
28.514715948|5
28.4900752909|5
28.4325804244|5
28.4216290212|5
28.4024640657|5
28.3942505133|5
28.3915126626|5
28.3778234086|5
28.3559206023|5
28.3394934976|5
28.3148528405|5
28.2737850787|5
28.2217659138|5
28.1834360027|5
28.1040383299|5
28.0958247775|5
28.0629705681|5
28.052019165|5
28.0328542094|5
27.9753593429|5
27.9671457906|5
27.7837097878|5
27.7453798768|5
27.7070499658|5
27.6851471595|5
27.6769336071|5
27.5646817248|5
27.5455167693|5
27.394934976|5
27.356605065|5
27.3210130048|5
27.3073237509|5
27.3018480493|5
27.2881587953|5
27.2224503765|5
27.2005475702|5
27.1923340178|5
27.1813826146|5
27.1731690623|5
27.1485284052|5
26.9514031485|5
26.7597535934|5
26.7405886379|5
26.7241615332|5
26.6694045175|5
26.6475017112|5
26.6201232033|5
26.5872689938|5
26.5051334702|5
26.4065708419|5
26.3737166324|5
26.3655030801|5
26.3107460643|5
26.2778918549|5
26.1793292266|5
26.0917180014|5
26.0889801506|5
26.0150581793|5
26.0123203285|5
25.8507871321|5
25.8124572211|5
25.7056810404|5
25.6344969199|5
25.5961670089|5
25.5852156057|5
25.582477755|5
25.5167693361|5
25.4565366188|5
25.2402464066|5
24.9828884326|5
24.9719370294|5
24.8843258042|5
24.7419575633|5
24.7091033539|5
24.4161533196|5
24.3832991102|5
24.3531827515|5
24.1204654346|5
23.8412046543|5
23.7645448323|5
23.7262149213|5
23.5345653662|5
23.0663928816|5
23.0444900753|5
22.7515400411|5
22.6830937714|5
21.8590006845|5
20.5201916496|5
20.1642710472|5
44.1177275838|4
43.8685831622|4
43.2169746749|4
43.0828199863|4
42.9295003422|4
42.4941820671|4
42.2176591376|4
41.8042436687|4
41.6837782341|4
41.6646132786|4
41.4729637235|4
41.3579739904|4
41.3388090349|4
41.2785763176|4
41.2676249144|4
41.1718001369|4
41.015742642|4
40.9555099247|4
40.758384668|4
40.605065024|4
40.5393566051|4
40.4818617385|4
40.4736481862|4
40.2792607803|4
40.1314168378|4
40.0191649555|4
39.9644079398|4
39.9206023272|4
39.8494182067|4
39.8412046543|4
39.8302532512|4
39.7152635181|4
39.6906228611|4
39.5044490075|4
39.4277891855|4
39.3100616016|4
39.2361396304|4
39.1594798084|4
39.1101984942|4
39.0362765229|4
39.0143737166|4
38.9431895962|4
38.841889117|4
38.7707049966|4
38.7214236824|4
38.5434633812|4
38.3956194387|4
38.2149212868|4
38.1546885695|4
38.1382614648|4
38.135523614|4
38.1163586585|4
38.0999315537|4
38.0287474333|4
37.9712525667|4
37.9110198494|4
37.8453114305|4
37.8316221766|4
37.7987679671|4
37.7768651608|4
37.7385352498|4
37.7248459959|4
37.6810403833|4
37.620807666|4
37.6016427105|4
37.5058179329|4
37.5030800821|4
37.4811772758|4
37.4647501711|4
37.4620123203|4
37.3935660507|4
37.2813141684|4
37.2621492129|4
37.2511978097|4
37.2457221081|4
37.2402464066|4
37.2265571526|4
37.1389459274|4
37.1170431211|4
37.0869267625|4
36.9993155373|4
36.9965776865|4
36.8377823409|4
36.8021902806|4
36.7994524298|4
36.7830253251|4
36.772073922|4
36.7255304586|4
36.7063655031|4
36.6680355921|4
36.6652977413|4
36.5886379192|4
36.5722108145|4
36.5338809035|4
36.514715948|4
36.5065023956|4
36.4955509925|4
36.4845995893|4
36.4380561259|4
36.4353182752|4
36.3915126626|4
36.3778234086|4
36.3039014374|4
36.2436687201|4
36.2354551677|4
36.180698152|4
36.1040383299|4
36.090349076|4
36.0739219713|4
36.0684462697|4
36.0191649555|4
35.9206023272|4
35.9178644764|4
35.9014373717|4
35.8466803559|4
35.8275154004|4
35.6824093087|4
35.6167008898|4
35.5947980835|4
35.5865845311|4
35.575633128|4
35.5181382615|4
35.5099247091|4
35.5071868583|4
35.4907597536|4
35.4360027379|4
35.4031485284|4
35.4004106776|4
35.394934976|4
35.3401779603|4
35.3374401095|4
35.3292265572|4
35.3155373032|4
35.2936344969|4
35.2881587953|4
35.2306639288|4
35.2114989733|4
35.151266256|4
35.1348391513|4
35.0965092402|4
35.0390143737|4
35.0308008214|4
35.0198494182|4
35.0006844627|4
34.9431895962|4
34.9267624914|4
34.9075975359|4
34.8747433265|4
34.8637919233|4
34.8583162218|4
34.8309377139|4
34.8062970568|4
34.7871321013|4
34.7624914442|4
34.7405886379|4
34.7022587269|4
34.6940451745|4
34.6913073238|4
34.6858316222|4
34.559890486|4
34.5407255305|4
34.5023956194|4
34.4887063655|4
34.4120465435|4
34.3983572895|4
34.3956194387|4
34.392881588|4
34.3682409309|4
34.3490759754|4
34.3107460643|4
34.2067077344|4
34.1765913758|4
34.0917180014|4
34.0643394935|4
34.0616016427|4
33.9493497604|4
33.9438740589|4
33.9055441478|4
33.8891170431|4
33.8234086242|4
33.7467488022|4
33.7056810404|4
33.6892539357|4
33.6810403833|4
33.659137577|4
33.5879534565|4
33.5770020534|4
33.5414099932|4
33.5331964408|4
33.5222450376|4
33.5195071869|4
33.4565366188|4
33.4209445585|4
33.3798767967|4
33.3771389459|4
33.363449692|4
33.28678987|4
33.2758384668|4
33.2703627652|4
33.2594113621|4
33.2484599589|4
33.2238193018|4
33.1718001369|4
33.1663244353|4
33.1608487337|4
33.1498973306|4
33.1389459274|4
33.1334702259|4
33.1279945243|4
33.1170431211|4
33.1115674196|4
33.0814510609|4
33.0075290897|4
32.9965776865|4
32.9336071184|4
32.9253935661|4
32.8843258042|4
32.8405201916|4
32.8049281314|4
32.7501711157|4
32.7008898015|4
32.6872005476|4
32.6625598905|4
32.6543463381|4
32.6406570842|4
32.6160164271|4
32.605065024|4
32.59137577|4
32.514715948|4
32.4982888433|4
32.4462696783|4
32.4435318275|4
32.4024640657|4
32.3942505133|4
32.3668720055|4
32.3312799452|4
32.3230663929|4
32.3203285421|4
32.3011635866|4
32.2792607803|4
32.2710472279|4
32.2600958248|4
32.2518822724|4
32.2217659138|4
32.2135523614|4
32.1971252567|4
32.180698152|4
32.1615331964|4
32.1451060917|4
32.1423682409|4
32.1149897331|4
32.1013004791|4
32.0876112252|4
32.038329911|4
32.0246406571|4
31.9835728953|4
31.9644079398|4
31.9151266256|4
31.8959616701|4
31.8822724162|4
31.8685831622|4
31.8658453114|4
31.832991102|4
31.8302532512|4
31.819301848|4
31.7837097878|4
31.7672826831|4
31.7399041752|4
31.7371663244|4
31.6933607118|4
31.6769336071|4
31.6741957563|4
31.6687200548|4
31.6550308008|4
31.6468172485|4
31.6413415469|4
31.6112251882|4
31.5975359343|4
31.5783709788|4
31.5537303217|4
31.5509924709|4
31.5400410678|4
31.5099247091|4
31.4962354552|4
31.4934976044|4
31.4633812457|4
31.4168377823|4
31.3757700205|4
31.3593429158|4
31.3483915127|4
31.3456536619|4
31.3401779603|4
31.3100616016|4
31.2498288843|4
31.2224503765|4
31.1950718686|4
31.1375770021|4
31.1156741958|4
31.0882956879|4
31.0718685832|4
31.0691307324|4
31.0636550308|4
31.0390143737|4
31.0362765229|4
31.022587269|4
31.0116358658|4
30.9897330595|4
30.9650924025|4
30.9541409993|4
30.9514031485|4
30.9240246407|4
30.8747433265|4
30.8665297741|4
30.8637919233|4
30.8501026694|4
30.8145106092|4
30.7624914442|4
30.6913073238|4
30.6502395619|4
30.6392881588|4
30.6146475017|4
30.5900068446|4
30.5571526352|4
30.4996577687|4
30.4914442163|4
30.4257357974|4
30.4065708419|4
30.3682409309|4
30.3655030801|4
30.3518138261|4
30.3490759754|4
30.3080082136|4
30.2724161533|4
30.2340862423|4
30.1437371663|4
30.1300479124|4
30.1136208077|4
30.0999315537|4
30.0424366872|4
30.0177960301|4
30.0013689254|4
29.9958932238|4
29.9849418207|4
29.9247091034|4
29.8945927447|4
29.8863791923|4
29.7987679671|4
29.7029431896|4
29.6865160849|4
29.6618754278|4
29.6372347707|4
29.6344969199|4
29.6262833676|4
29.6098562628|4
29.582477755|4
29.5605749487|4
29.5496235455|4
29.5468856947|4
29.5112936345|4
29.4839151266|4
29.4702258727|4
29.4127310062|4
29.4072553046|4
29.3853524983|4
29.3689253936|4
29.2566735113|4
29.2539356605|4
29.2375085558|4
29.2320328542|4
29.2156057495|4
29.2128678987|4
29.2019164956|4
29.158110883|4
29.1416837782|4
29.1252566735|4
29.1143052704|4
29.0841889117|4
29.0568104038|4
29.0321697467|4
29.029431896|4
29.0239561944|4
29.0020533881|4
28.9801505818|4
28.9555099247|4
28.93908282|4
28.9281314168|4
28.9199178645|4
28.7994524298|4
28.7967145791|4
28.7912388775|4
28.7775496235|4
28.7748117728|4
28.7665982204|4
28.733744011|4
28.7282683094|4
28.6954140999|4
28.6351813826|4
28.629705681|4
28.605065024|4
28.5995893224|4
28.553045859|4
28.5503080082|4
28.5420944559|4
28.5338809035|4
28.5065023956|4
28.4955509925|4
28.4928131417|4
28.4544832307|4
28.4462696783|4
28.4353182752|4
28.4271047228|4
28.3832991102|4
28.3805612594|4
28.3203285421|4
28.295687885|4
28.2902121834|4
28.1232032854|4
28.1149897331|4
28.1122518823|4
27.9698836413|4
27.9452429843|4
27.9014373717|4
27.8959616701|4
27.8932238193|4
27.8412046543|4
27.8165639973|4
27.7590691307|4
27.7371663244|4
27.7344284736|4
27.7152635181|4
27.704312115|4
27.65229295|4
27.6495550992|4
27.627652293|4
27.6194387406|4
27.5893223819|4
27.5865845311|4
27.5728952772|4
27.537303217|4
27.5345653662|4
27.5208761123|4
27.5099247091|4
27.4934976044|4
27.4770704997|4
27.4387405886|4
27.4250513347|4
27.4140999316|4
27.4058863792|4
27.4031485284|4
27.3757700205|4
27.2963723477|4
27.2689938398|4
27.2525667351|4
27.241615332|4
27.2334017796|4
27.1594798084|4
27.151266256|4
27.0499657769|4
27.022587269|4
27.0198494182|4
27.0116358658|4
27.0034223135|4
26.9760438056|4
26.945927447|4
26.9240246407|4
26.9212867899|4
26.9075975359|4
26.9048596851|4
26.8774811773|4
26.8446269678|4
26.8008213552|4
26.7953456537|4
26.7871321013|4
26.7186858316|4
26.6666666667|4
26.6420260096|4
26.6392881588|4
26.6146475017|4
26.5681040383|4
26.5297741273|4
26.5133470226|4
26.4804928131|4
26.4503764545|4
26.4093086927|4
26.3874058864|4
26.3216974675|4
26.302532512|4
26.2614647502|4
26.2422997947|4
26.1902806297|4
26.1437371663|4
26.135523614|4
26.1327857632|4
26.0807665982|4
26.0616016427|4
26.0314852841|4
25.9849418207|4
25.9657768652|4
25.9356605065|4
25.9028062971|4
25.8562628337|4
25.8480492813|4
25.8042436687|4
25.7932922656|4
25.7823408624|4
25.7631759069|4
25.6919917864|4
25.6153319644|4
25.6125941136|4
25.6016427105|4
25.5523613963|4
25.5331964408|4
25.4866529774|4
25.4510609172|4
25.3963039014|4
25.3607118412|4
25.3059548255|4
25.2840520192|4
25.2703627652|4
25.2594113621|4
25.2292950034|4
25.2156057495|4
25.1937029432|4
25.1553730322|4
25.067761807|4
25.0403832991|4
24.9993155373|4
24.9418206708|4
24.9226557153|4
24.9199178645|4
24.8651608487|4
24.8542094456|4
24.8049281314|4
24.7912388775|4
24.7173169062|4
24.6160164271|4
24.5941136208|4
24.5722108145|4
24.5585215606|4
24.5229295003|4
24.5065023956|4
24.5037645448|4
24.4681724846|4
24.334017796|4
24.2683093771|4
24.2436687201|4
24.1861738535|4
24.1341546886|4
24.1067761807|4
24.1040383299|4
24.0848733744|4
23.9370294319|4
23.8165639973|4
23.7453798768|4
23.6495550992|4
23.6030116359|4
23.4661190965|4
23.4360027379|4
23.3073237509|4
23.2881587953|4
23.1704312115|4
23.0746064339|4
23.0417522245|4
23.0362765229|4
22.9240246407|4
22.893908282|4
22.6557152635|4
22.6173853525|4
22.5215605749|4
22.431211499|4
22.3216974675|4
22.2778918549|4
22.0369609856|4
22.0314852841|4
21.8699520876|4
21.8507871321|4
21.826146475|4
20.7310061602|4
20.1724845996|4
20.076659822|4
19.7618069815|4
19.7097878166|4
17.9958932238|4
43.9260780287|3
43.8494182067|3
42.8309377139|3
42.46954141|3
42.4668035592|3
41.7987679671|3
41.7221081451|3
41.6262833676|3
41.5605749487|3
41.5167693361|3
41.492128679|3
41.4346338125|3
41.3963039014|3
41.2758384668|3
40.7118412047|3
40.6872005476|3
40.5749486653|3
40.5503080082|3
40.5092402464|3
40.2518822724|3
40.1505817933|3
40.0219028063|3
39.7645448323|3
39.6002737851|3
39.4798083504|3
39.4606433949|3
39.4195756331|3
39.3867214237|3
39.3429158111|3
39.2908966461|3
39.266255989|3
39.2553045859|3
39.0472279261|3
39.0088980151|3
38.9952087611|3
38.9568788501|3
38.932238193|3
38.8911704312|3
38.8637919233|3
38.8391512663|3
38.8227241615|3
38.674880219|3
38.6310746064|3
38.4640657084|3
38.3381245722|3
38.3353867214|3
38.3299110198|3
38.2094455852|3
38.1848049281|3
38.1629021218|3
38.1574264203|3
38.0780287474|3
38.0041067762|3
37.9247091034|3
37.8945927447|3
37.8288843258|3
37.7905544148|3
37.7522245038|3
37.749486653|3
37.7084188912|3
37.6783025325|3
37.6509240246|3
37.6344969199|3
37.5770020534|3
37.4264202601|3
37.3908281999|3
37.3744010951|3
37.3579739904|3
37.2539356605|3
37.1252566735|3
37.0622861054|3
36.9911019849|3
36.9445585216|3
36.9363449692|3
36.9062286105|3
36.8815879535|3
36.8596851472|3
36.8213552361|3
36.6214921287|3
36.5831622177|3
36.5804243669|3
36.5448323066|3
36.5229295003|3
36.5174537988|3
36.4791238877|3
36.462696783|3
36.4599589322|3
36.4544832307|3
36.3285420945|3
36.3121149897|3
36.2600958248|3
36.219028063|3
36.1971252567|3
36.1916495551|3
36.1615331964|3
36.0848733744|3
36.0246406571|3
36.0164271047|3
35.9726214921|3
35.9671457906|3
35.9644079398|3
35.9315537303|3
35.871321013|3
35.8576317591|3
35.8001368925|3
35.7973990418|3
35.7754962355|3
35.7563312799|3
35.7371663244|3
35.7344284736|3
35.7180013689|3
35.6878850103|3
35.6687200548|3
35.6632443532|3
35.65229295|3
35.613963039|3
35.6112251882|3
35.5674195756|3
35.5455167693|3
35.5345653662|3
35.4798083504|3
35.4496919918|3
35.4387405886|3
35.4113620808|3
35.40862423|3
35.4058863792|3
35.3812457221|3
35.3757700205|3
35.3511293634|3
35.3237508556|3
35.2443531828|3
35.2224503765|3
35.2087611225|3
35.189596167|3
35.1841204654|3
35.1266255989|3
35.1047227926|3
35.0910335387|3
35.0882956879|3
35.0800821355|3
34.945927447|3
34.9048596851|3
34.8829568789|3
34.841889117|3
34.8364134155|3
34.81724846|3
34.7926078029|3
34.7898699521|3
34.7761806982|3
34.7570157426|3
34.7351129363|3
34.726899384|3
34.7186858316|3
34.6639288159|3
34.6420260096|3
34.636550308|3
34.6283367556|3
34.5325119781|3
34.5106091718|3
34.4996577687|3
34.4941820671|3
34.4832306639|3
34.4722792608|3
34.4613278576|3
34.4503764545|3
34.4394250513|3
34.3600273785|3
34.3545516769|3
34.3326488706|3
34.3162217659|3
34.2997946612|3
34.2915811088|3
34.2751540041|3
34.2696783025|3
34.264202601|3
34.2559890486|3
34.2395619439|3
34.2039698836|3
34.173853525|3
34.1683778234|3
34.160164271|3
34.1437371663|3
34.1382614648|3
34.1245722108|3
34.1190965092|3
34.083504449|3
34.0780287474|3
34.0725530459|3
34.0533880903|3
34.045174538|3
33.9958932238|3
33.9876796715|3
33.9822039699|3
33.9685147159|3
33.9630390144|3
33.9575633128|3
33.8863791923|3
33.8699520876|3
33.8343600274|3
33.826146475|3
33.7823408624|3
33.7659137577|3
33.735797399|3
33.7275838467|3
33.7193702943|3
33.7138945927|3
33.7029431896|3
33.6947296372|3
33.6755646817|3
33.6536618754|3
33.6454483231|3
33.6317590691|3
33.6235455168|3
33.6180698152|3
33.582477755|3
33.5797399042|3
33.568788501|3
33.5441478439|3
33.5277207392|3
33.4948665298|3
33.4893908282|3
33.4510609172|3
33.4483230664|3
33.4428473648|3
33.3963039014|3
33.3826146475|3
33.3689253936|3
33.3333333333|3
33.3305954825|3
33.2813141684|3
33.2785763176|3
33.2676249144|3
33.2648870637|3
33.1553730322|3
33.144421629|3
33.1006160164|3
33.0787132101|3
33.0376454483|3
33.0212183436|3
32.9993155373|3
32.9418206708|3
32.9363449692|3
32.9171800137|3
32.8952772074|3
32.8350444901|3
32.8295687885|3
32.8240930869|3
32.7939767283|3
32.7748117728|3
32.7693360712|3
32.7638603696|3
32.7392197125|3
32.7036276523|3
32.6954140999|3
32.6844626968|3
32.6707734428|3
32.6214921287|3
32.6187542779|3
32.5941136208|3
32.5859000684|3
32.5749486653|3
32.5393566051|3
32.5201916496|3
32.5065023956|3
32.501026694|3
32.4709103354|3
32.4517453799|3
32.3997262149|3
32.3969883641|3
32.3915126626|3
32.3778234086|3
32.334017796|3
32.3093771389|3
32.3039014374|3
32.2929500342|3
32.2874743326|3
32.2108145106|3
32.2026009582|3
32.1724845996|3
32.1259411362|3
32.1067761807|3
32.1040383299|3
32.090349076|3
32.0821355236|3
32.0684462697|3
32.0657084189|3
32.0492813142|3
32.0219028063|3
31.9945242984|3
31.9726214921|3
31.9534565366|3
31.9206023272|3
31.8631074606|3
31.8412046543|3
31.8357289528|3
31.8028747433|3
31.7700205339|3
31.7508555784|3
31.7481177276|3
31.7316906229|3
31.7097878166|3
31.7070499658|3
31.6906228611|3
31.6824093087|3
31.6796714579|3
31.627652293|3
31.5893223819|3
31.5701574264|3
31.523613963|3
31.5017111567|3
31.498973306|3
31.4798083504|3
31.4715947981|3
31.4360027379|3
31.4031485284|3
31.4004106776|3
31.3921971253|3
31.3785078713|3
31.370294319|3
31.3675564682|3
31.3648186174|3
31.3319644079|3
31.2826830938|3
31.241615332|3
31.2005475702|3
31.1676933607|3
31.1211498973|3
31.1101984942|3
31.1074606434|3
31.1019849418|3
31.0910335387|3
31.0444900753|3
31.0006844627|3
30.9979466119|3
30.9952087611|3
30.9815195072|3
30.9787816564|3
30.9623545517|3
30.8966461328|3
30.8856947296|3
30.8391512663|3
30.8254620123|3
30.7871321013|3
30.765229295|3
30.7570157426|3
30.7241615332|3
30.7186858316|3
30.6967830253|3
30.6858316222|3
30.674880219|3
30.6666666667|3
30.6420260096|3
30.5434633812|3
30.5270362765|3
30.5106091718|3
30.4832306639|3
30.46954141|3
30.4668035592|3
30.4476386037|3
30.4229979466|3
30.3956194387|3
30.392881588|3
30.3709787817|3
30.3299110198|3
30.2587268994|3
30.2559890486|3
30.2012320329|3
30.1793292266|3
30.160164271|3
30.1245722108|3
30.0862422998|3
30.0369609856|3
30.0260095825|3
30.0205338809|3
30.0041067762|3
29.9876796715|3
29.9630390144|3
29.9520876112|3
29.9466119097|3
29.9411362081|3
29.87816564|3
29.8672142368|3
29.8535249829|3
29.8480492813|3
29.8453114305|3
29.8316221766|3
29.787816564|3
29.7713894593|3
29.7522245038|3
29.7193702943|3
29.6947296372|3
29.6810403833|3
29.6290212183|3
29.53045859|3
29.5030800821|3
29.4209445585|3
29.4099931554|3
29.3497604381|3
29.3360711841|3
29.3333333333|3
29.325119781|3
29.2977412731|3
29.234770705|3
29.2101300479|3
29.1937029432|3
29.1635865845|3
29.1526351814|3
29.1362080767|3
29.1307323751|3
29.1197809719|3
29.1170431211|3
29.0704996578|3
29.0595482546|3
29.0458590007|3
29.0431211499|3
29.015742642|3
28.9472963723|3
28.8569472964|3
28.8514715948|3
28.8459958932|3
28.8405201916|3
28.8377823409|3
28.7885010267|3
28.7857631759|3
28.7118412047|3
28.6899383984|3
28.6844626968|3
28.6735112936|3
28.6652977413|3
28.6488706366|3
28.643394935|3
28.6406570842|3
28.6214921287|3
28.5557837098|3
28.5311430527|3
28.5119780972|3
28.4982888433|3
28.4654346338|3
28.4435318275|3
28.4134154689|3
28.4079397673|3
28.3969883641|3
28.3887748118|3
28.3586584531|3
28.3258042437|3
28.3121149897|3
28.2984257358|3
28.2929500342|3
28.2683093771|3
28.2327173169|3
28.219028063|3
28.2135523614|3
28.1861738535|3
28.1533196441|3
28.1505817933|3
28.1341546886|3
28.1259411362|3
28.0985626283|3
28.0848733744|3
28.0602327173|3
28.038329911|3
28.0191649555|3
28.0082135524|3
27.9945242984|3
27.961670089|3
27.9397672827|3
27.9342915811|3
27.923340178|3
27.9151266256|3
27.9041752225|3
27.8740588638|3
27.871321013|3
27.8548939083|3
27.8357289528|3
27.6824093087|3
27.6796714579|3
27.6550308008|3
27.6440793977|3
27.6413415469|3
27.6358658453|3
27.5838466804|3
27.5592060233|3
27.5290896646|3
27.4661190965|3
27.4524298426|3
27.4442162902|3
27.40862423|3
27.3976728268|3
27.3839835729|3
27.370294319|3
27.3593429158|3
27.3511293634|3
27.2826830938|3
27.2635181383|3
27.2470910335|3
27.2443531828|3
27.1978097194|3
27.1676933607|3
27.1457905544|3
27.1403148528|3
27.1375770021|3
27.1321013005|3
27.0855578371|3
27.0746064339|3
27.0417522245|3
27.0171115674|3
26.9952087611|3
26.9924709103|3
26.9733059548|3
26.9431895962|3
26.9349760438|3
26.932238193|3
26.9021218344|3
26.8637919233|3
26.8501026694|3
26.8473648186|3
26.8309377139|3
26.8145106092|3
26.7789185489|3
26.7761806982|3
26.6173853525|3
26.6119096509|3
26.5489390828|3
26.5434633812|3
26.4969199179|3
26.4887063655|3
26.4585900068|3
26.4421629021|3
26.4120465435|3
26.3545516769|3
26.3381245722|3
26.3189596167|3
26.3080082136|3
26.2833675565|3
26.2669404517|3
26.2286105407|3
26.2094455852|3
26.2012320329|3
26.1492128679|3
26.1245722108|3
26.1054072553|3
26.1026694045|3
26.0698151951|3
26.0533880903|3
26.0424366872|3
26.0232717317|3
26.0177960301|3
25.9904175222|3
25.9712525667|3
25.9520876112|3
25.8672142368|3
25.8069815195|3
25.6427104723|3
25.6290212183|3
25.6235455168|3
25.5715263518|3
25.4948665298|3
25.492128679|3
25.453798768|3
25.4455852156|3
25.4264202601|3
25.4209445585|3
25.4072553046|3
25.3908281999|3
25.3442847365|3
25.3278576318|3
25.2457221081|3
25.2101300479|3
25.18275154|3
25.1197809719|3
25.1170431211|3
25.0924024641|3
25.015742642|3
24.9801505818|3
24.9637234771|3
24.9582477755|3
24.8952772074|3
24.8624229979|3
24.8377823409|3
24.7748117728|3
24.772073922|3
24.7446954141|3
24.7310061602|3
24.7008898015|3
24.6598220397|3
24.629705681|3
24.59137577|3
24.5831622177|3
24.5119780972|3
24.4407939767|3
24.3969883641|3
24.3449691992|3
24.3148528405|3
24.2929500342|3
24.2819986311|3
24.2491444216|3
24.2245037645|3
24.1971252567|3
24.1916495551|3
24.167008898|3
24.0958247775|3
24.0273785079|3
23.9808350445|3
23.9534565366|3
23.9425051335|3
23.7919233402|3
23.7782340862|3
23.6577686516|3
23.627652293|3
23.613963039|3
23.6057494867|3
23.5947980835|3
23.4387405886|3
23.4305270363|3
23.4277891855|3
23.4195756331|3
23.370294319|3
23.3429158111|3
23.2114989733|3
23.1348391513|3
23.0828199863|3
23.0390143737|3
22.9897330595|3
22.9733059548|3
22.8884325804|3
22.8665297741|3
22.8199863107|3
22.7679671458|3
22.6803559206|3
22.6338124572|3
22.5325119781|3
22.4366872005|3
22.2997946612|3
22.2915811088|3
22.264202601|3
22.1108829569|3
22.0424366872|3
21.9849418207|3
21.9794661191|3
21.9028062971|3
21.839835729|3
21.7713894593|3
21.5058179329|3
21.1608487337|3
21.0212183436|3
20.7529089665|3
20.3066392882|3
20.038329911|3
19.8767967146|3
19.8001368925|3
18.7843942505|3
45.9219712526|2
45.8069815195|2
45.7850787132|2
45.6344969199|2
44.5804243669|2
44.3285420945|2
44.2546201232|2
44.0246406571|2
43.9452429843|2
43.8877481177|2
43.7152635181|2
43.2553045859|2
43.2361396304|2
43.1019849418|2
42.9869952088|2
42.8145106092|2
42.7761806982|2
42.7186858316|2
42.3134839151|2
42.1656399726|2
42.0479123888|2
41.9904175222|2
41.9712525667|2
41.9137577002|2
41.9000684463|2
41.7604380561|2
41.7029431896|2
41.6536618754|2
41.607118412|2
41.5550992471|2
41.53045859|2
41.3607118412|2
41.325119781|2
41.2429842574|2
41.2402464066|2
41.2183436003|2
41.2019164956|2
41.1991786448|2
41.1882272416|2
41.1334702259|2
41.0759753593|2
41.0704996578|2
41.0376454483|2
40.9746748802|2
40.9691991786|2
40.9418206708|2
40.8268309377|2
40.7830253251|2
40.7310061602|2
40.7091033539|2
40.6926762491|2
40.5968514716|2
40.501026694|2
40.3887748118|2
40.3778234086|2
40.2272416153|2
40.2245037645|2
40.2217659138|2
40.2026009582|2
40.1013004791|2
40.0684462697|2
40.0301163587|2
39.9835728953|2
39.9452429843|2
39.9370294319|2
39.8795345654|2
39.8603696099|2
39.6495550992|2
39.5427789185|2
39.4770704997|2
39.4223134839|2
39.4004106776|2
39.3812457221|2
39.2854209446|2
39.2717316906|2
39.227926078|2
39.189596167|2
39.1321013005|2
39.1211498973|2
39.1156741958|2
39.0444900753|2
39.022587269|2
39.0006844627|2
38.9486652977|2
38.9212867899|2
38.8993839836|2
38.8692676249|2
38.8610540726|2
38.8090349076|2
38.803559206|2
38.7597535934|2
38.7378507871|2
38.7159479808|2
38.7022587269|2
38.6940451745|2
38.6694045175|2
38.6064339493|2
38.546201232|2
38.5379876797|2
38.4887063655|2
38.4777549624|2
38.4503764545|2
38.431211499|2
38.4257357974|2
38.2997946612|2
38.2970568104|2
38.2861054073|2
38.2669404517|2
38.2395619439|2
38.2368240931|2
38.2340862423|2
38.2286105407|2
38.2176591376|2
38.212183436|2
38.1711156742|2
38.1273100616|2
38.1245722108|2
38.0807665982|2
38.0561259411|2
38.0479123888|2
38.0123203285|2
38.0095824778|2
38.0013689254|2
37.9849418207|2
37.9630390144|2
37.9356605065|2
37.9219712526|2
37.916495551|2
37.8918548939|2
37.8863791923|2
37.8699520876|2
37.8562628337|2
37.8179329227|2
37.7631759069|2
37.7577002053|2
37.7549623546|2
37.7440109514|2
37.7221081451|2
37.6728268309|2
37.6098562628|2
37.5715263518|2
37.5605749487|2
37.5496235455|2
37.5249828884|2
37.5222450376|2
37.5195071869|2
37.5112936345|2
37.4893908282|2
37.4866529774|2
37.4565366188|2
37.4099931554|2
37.3963039014|2
37.3415468857|2
37.3196440794|2
37.3032169747|2
37.2922655715|2
37.28678987|2
37.2785763176|2
37.2703627652|2
37.2676249144|2
37.2566735113|2
37.234770705|2
37.2019164956|2
37.196440794|2
37.1088295688|2
37.0787132101|2
37.067761807|2
37.0595482546|2
37.0321697467|2
37.029431896|2
37.0130047912|2
36.9746748802|2
36.9719370294|2
36.9664613279|2
36.9582477755|2
36.9336071184|2
36.9144421629|2
36.8952772074|2
36.8186173854|2
36.810403833|2
36.7665982204|2
36.7501711157|2
36.7446954141|2
36.7091033539|2
36.6598220397|2
36.6187542779|2
36.5639972621|2
36.5585215606|2
36.553045859|2
36.5475701574|2
36.5420944559|2
36.5393566051|2
36.4982888433|2
36.4900752909|2
36.476386037|2
36.4681724846|2
36.424366872|2
36.4052019165|2
36.3832991102|2
36.372347707|2
36.3613963039|2
36.34770705|2
36.334017796|2
36.3175906913|2
36.3148528405|2
36.295687885|2
36.2710472279|2
36.2546201232|2
36.2381930185|2
36.2108145106|2
36.1889117043|2
36.1779603012|2
36.167008898|2
36.1478439425|2
36.1451060917|2
36.1314168378|2
36.1095140315|2
36.1067761807|2
36.0711841205|2
36.0629705681|2
36.0547570157|2
36.038329911|2
36.0328542094|2
36.0301163587|2
36.0054757016|2
35.9863107461|2
35.9698836413|2
35.9561943874|2
35.9507186858|2
35.8932238193|2
35.8740588638|2
35.8494182067|2
35.8412046543|2
35.8357289528|2
35.8220396988|2
35.819301848|2
35.7837097878|2
35.780971937|2
35.7727583847|2
35.7700205339|2
35.7672826831|2
35.7590691307|2
35.7316906229|2
35.6605065024|2
35.6577686516|2
35.6303901437|2
35.6249144422|2
35.6057494867|2
35.6030116359|2
35.5811088296|2
35.5564681725|2
35.5537303217|2
35.537303217|2
35.5318275154|2
35.4880219028|2
35.4715947981|2
35.4524298426|2
35.4223134839|2
35.3894592745|2
35.3785078713|2
35.2635181383|2
35.2580424367|2
35.2251882272|2
35.2032854209|2
35.1457905544|2
35.1375770021|2
35.1184120465|2
35.1074606434|2
35.0855578371|2
35.0636550308|2
35.0581793292|2
35.0061601643|2
34.9979466119|2
34.984257358|2
34.9650924025|2
34.9568788501|2
34.9514031485|2
34.9185489391|2
34.9021218344|2
34.8966461328|2
34.8720054757|2
34.8199863107|2
34.8117727584|2
34.7816563997|2
34.7597535934|2
34.7323750856|2
34.7241615332|2
34.7214236824|2
34.7049965777|2
34.6036960986|2
34.5763175907|2
34.5708418891|2
34.5544147844|2
34.5516769336|2
34.5489390828|2
34.546201232|2
34.5434633812|2
34.4804928131|2
34.4777549624|2
34.4640657084|2
34.4585900068|2
34.4093086927|2
34.4010951403|2
34.3819301848|2
34.3572895277|2
34.3463381246|2
34.3381245722|2
34.3244353183|2
34.2669404517|2
34.2477754962|2
34.1793292266|2
34.1546885695|2
34.1519507187|2
34.12183436|2
34.1163586585|2
34.1081451061|2
34.0588637919|2
34.0123203285|2
34.0095824778|2
34.0041067762|2
33.9411362081|2
33.9383983573|2
33.916495551|2
33.9028062971|2
33.8918548939|2
33.8617385352|2
33.8562628337|2
33.8535249829|2
33.8370978782|2
33.8042436687|2
33.7713894593|2
33.7631759069|2
33.7549623546|2
33.7522245038|2
33.749486653|2
33.7440109514|2
33.7385352498|2
33.7303216975|2
33.6919917864|2
33.6618754278|2
33.6509240246|2
33.6481861739|2
33.6427104723|2
33.6372347707|2
33.6290212183|2
33.6262833676|2
33.6125941136|2
33.607118412|2
33.5715263518|2
33.5660506502|2
33.5605749487|2
33.4455852156|2
33.3990417522|2
33.3908281999|2
33.3388090349|2
33.3278576318|2
33.325119781|2
33.311430527|2
33.2950034223|2
33.234770705|2
33.2292950034|2
33.1937029432|2
33.1745379877|2
33.1690622861|2
33.1197809719|2
33.0622861054|2
33.0431211499|2
33.0130047912|2
32.9938398357|2
32.9555099247|2
32.9199178645|2
32.8925393566|2
32.8898015058|2
32.8761122519|2
32.8596851472|2
32.8377823409|2
32.8213552361|2
32.7857631759|2
32.7830253251|2
32.7310061602|2
32.7173169062|2
32.7063655031|2
32.6789869952|2
32.6652977413|2
32.6516084873|2
32.6379192334|2
32.6351813826|2
32.6242299795|2
32.5968514716|2
32.5804243669|2
32.5639972621|2
32.5366187543|2
32.5284052019|2
32.4681724846|2
32.4544832307|2
32.4188911704|2
32.372347707|2
32.2902121834|2
32.2765229295|2
32.2546201232|2
32.2272416153|2
32.219028063|2
32.1861738535|2
32.1834360027|2
32.1368925394|2
32.0958247775|2
32.0793976728|2
32.0465434634|2
32.0410677618|2
32.0136892539|2
32.0054757016|2
32.0027378508|2
31.9780971937|2
31.9753593429|2
31.9671457906|2
31.9589322382|2
31.9452429843|2
31.9315537303|2
31.9123887748|2
31.909650924|2
31.8576317591|2
31.8521560575|2
31.8494182067|2
31.8110882957|2
31.8056125941|2
31.7782340862|2
31.7535934292|2
31.7453798768|2
31.7152635181|2
31.7125256674|2
31.665982204|2
31.6495550992|2
31.6084873374|2
31.6002737851|2
31.5865845311|2
31.575633128|2
31.5208761123|2
31.4880219028|2
31.4770704997|2
31.4661190965|2
31.446954141|2
31.4442162902|2
31.4387405886|2
31.4250513347|2
31.4223134839|2
31.40862423|2
31.3839835729|2
31.3511293634|2
31.3237508556|2
31.3018480493|2
31.2963723477|2
31.2854209446|2
31.279945243|2
31.2744695414|2
31.2470910335|2
31.2142368241|2
31.2114989733|2
31.2087611225|2
31.1594798084|2
31.1457905544|2
31.1321013005|2
31.1238877481|2
31.1047227926|2
31.099247091|2
31.0773442847|2
31.0663928816|2
31.06091718|2
31.0554414784|2
31.0472279261|2
31.0308008214|2
31.0198494182|2
30.9678302533|2
30.9596167009|2
30.9568788501|2
30.9404517454|2
30.9377138946|2
30.9349760438|2
30.932238193|2
30.9212867899|2
30.893908282|2
30.8692676249|2
30.8281998631|2
30.8117727584|2
30.8008213552|2
30.7898699521|2
30.7761806982|2
30.7323750856|2
30.6830937714|2
30.6611909651|2
30.6584531143|2
30.6228610541|2
30.6119096509|2
30.6036960986|2
30.6009582478|2
30.5927446954|2
30.546201232|2
30.5297741273|2
30.5215605749|2
30.5188227242|2
30.5023956194|2
30.4969199179|2
30.4202600958|2
30.4147843943|2
30.4120465435|2
30.4093086927|2
30.3627652293|2
30.2861054073|2
30.2833675565|2
30.2669404517|2
30.2368240931|2
30.2258726899|2
30.2231348392|2
30.2067077344|2
30.1984941821|2
30.1930184805|2
30.1848049281|2
30.173853525|2
30.1519507187|2
30.1163586585|2
30.1054072553|2
30.0725530459|2
30.0670773443|2
30.0616016427|2
30.0396988364|2
30.0342231348|2
29.9904175222|2
29.9657768652|2
29.9301848049|2
29.8973305955|2
29.8918548939|2
29.8507871321|2
29.8425735797|2
29.839835729|2
29.8206707734|2
29.8042436687|2
29.7932922656|2
29.7796030116|2
29.7741273101|2
29.7686516085|2
29.7577002053|2
29.749486653|2
29.7412731006|2
29.6919917864|2
29.6728268309|2
29.6509240246|2
29.6235455168|2
29.5989048597|2
29.5386721424|2
29.5195071869|2
29.5167693361|2
29.5140314853|2
29.5058179329|2
29.5003422313|2
29.4976043806|2
29.492128679|2
29.453798768|2
29.4346338125|2
29.3935660507|2
29.3169062286|2
29.2950034223|2
29.2703627652|2
29.2621492129|2
29.2594113621|2
29.2073921971|2
29.196440794|2
29.1663244353|2
29.1608487337|2
29.144421629|2
29.1279945243|2
29.1088295688|2
29.0732375086|2
28.9911019849|2
28.9500342231|2
28.9226557153|2
28.9144421629|2
28.9034907598|2
28.8898015058|2
28.8815879535|2
28.8706365503|2
28.848733744|2
28.8131416838|2
28.8049281314|2
28.7638603696|2
28.7446954141|2
28.7364818617|2
28.7173169062|2
28.7091033539|2
28.7063655031|2
28.681724846|2
28.6707734428|2
28.6680355921|2
28.6543463381|2
28.6269678303|2
28.6187542779|2
28.6078028747|2
28.5941136208|2
28.59137577|2
28.5886379192|2
28.5859000684|2
28.5749486653|2
28.5667351129|2
28.5448323066|2
28.5201916496|2
28.4873374401|2
28.4818617385|2
28.4791238877|2
28.476386037|2
28.4599589322|2
28.4572210815|2
28.4490075291|2
28.4161533196|2
28.4106776181|2
28.386036961|2
28.34770705|2
28.3230663929|2
28.3011635866|2
28.2874743326|2
28.257357974|2
28.2518822724|2
28.2162902122|2
28.2108145106|2
28.205338809|2
28.1697467488|2
28.1642710472|2
28.1615331964|2
28.1587953457|2
28.1396303901|2
28.0821355236|2
28.0793976728|2
28.0739219713|2
28.0547570157|2
28.0301163587|2
28.0109514031|2
27.9917864476|2
27.9835728953|2
27.9780971937|2
27.9726214921|2
27.9644079398|2
27.9561943874|2
27.9507186858|2
27.947980835|2
27.9425051335|2
27.9315537303|2
27.9260780287|2
27.9178644764|2
27.909650924|2
27.8904859685|2
27.8850102669|2
27.8631074606|2
27.8576317591|2
27.8521560575|2
27.8001368925|2
27.7973990418|2
27.7919233402|2
27.7754962355|2
27.7645448323|2
27.7618069815|2
27.7399041752|2
27.7125256674|2
27.6741957563|2
27.6687200548|2
27.665982204|2
27.6577686516|2
27.6303901437|2
27.6249144422|2
27.6167008898|2
27.5920602327|2
27.5783709788|2
27.5701574264|2
27.498973306|2
27.4962354552|2
27.4907597536|2
27.4332648871|2
27.3921971253|2
27.3730321697|2
27.3456536619|2
27.3429158111|2
27.3401779603|2
27.3292265572|2
27.3045859001|2
27.2169746749|2
27.2032854209|2
27.1649555099|2
27.1540041068|2
27.1430527036|2
27.1348391513|2
27.1211498973|2
27.112936345|2
27.1019849418|2
27.0882956879|2
27.0800821355|2
27.0308008214|2
27.0280629706|2
27.0143737166|2
26.9650924025|2
26.9267624914|2
26.9130732375|2
26.9103353867|2
26.893908282|2
26.8856947296|2
26.8528405202|2
26.8364134155|2
26.8254620123|2
26.8227241615|2
26.8117727584|2
26.7679671458|2
26.7488021903|2
26.7433264887|2
26.71321013|2
26.7104722793|2
26.7077344285|2
26.6940451745|2
26.6803559206|2
26.6721423682|2
26.6639288159|2
26.6310746064|2
26.6091718001|2
26.5954825462|2
26.5927446954|2
26.5379876797|2
26.4996577687|2
26.4941820671|2
26.4750171116|2
26.4531143053|2
26.4476386037|2
26.4366872005|2
26.431211499|2
26.4202600958|2
26.3353867214|2
26.3052703628|2
26.2861054073|2
26.2696783025|2
26.2559890486|2
26.2395619439|2
26.2067077344|2
26.173853525|2
26.1711156742|2
26.1656399726|2
26.1382614648|2
26.12183436|2
26.0944558522|2
26.083504449|2
26.0780287474|2
26.0670773443|2
26.0041067762|2
25.9986310746|2
25.9630390144|2
25.9575633128|2
25.9493497604|2
25.9411362081|2
25.9301848049|2
25.9110198494|2
25.9082819986|2
25.8973305955|2
25.8945927447|2
25.8754277892|2
25.8699520876|2
25.864476386|2
25.8425735797|2
25.839835729|2
25.8370978782|2
25.8097193703|2
25.7741273101|2
25.7713894593|2
25.7686516085|2
25.7275838467|2
25.7138945927|2
25.697467488|2
25.6947296372|2
25.6481861739|2
25.6399726215|2
25.6317590691|2
25.6180698152|2
25.5989048597|2
25.5934291581|2
25.5359342916|2
25.53045859|2
25.5195071869|2
25.5058179329|2
25.4976043806|2
25.4839151266|2
25.4811772758|2
25.4236824093|2
25.401779603|2
25.3935660507|2
25.3880903491|2
25.3826146475|2
25.3798767967|2
25.3661875428|2
25.3497604381|2
25.3470225873|2
25.2922655715|2
25.273100616|2
25.2621492129|2
25.2539356605|2
25.2511978097|2
25.2375085558|2
25.2046543463|2
25.2019164956|2
25.1909650924|2
25.1882272416|2
25.158110883|2
25.1526351814|2
25.1307323751|2
25.1115674196|2
25.0896646133|2
25.0622861054|2
25.0513347023|2
25.0349075975|2
25.0321697467|2
25.0212183436|2
24.9965776865|2
24.9938398357|2
24.9034907598|2
24.8898015058|2
24.887063655|2
24.8678986995|2
24.7939767283|2
24.7665982204|2
24.7556468172|2
24.7529089665|2
24.7501711157|2
24.7255304586|2
24.7227926078|2
24.6981519507|2
24.6789869952|2
24.6461327858|2
24.5886379192|2
24.5749486653|2
24.5694729637|2
24.5612594114|2
24.5475701574|2
24.5448323066|2
24.5284052019|2
24.4928131417|2
24.4900752909|2
24.4873374401|2
24.4736481862|2
24.4490075291|2
24.4298425736|2
24.3942505133|2
24.3887748118|2
24.3422313484|2
24.2874743326|2
24.2792607803|2
24.257357974|2
24.2464065708|2
24.2327173169|2
24.2162902122|2
24.1724845996|2
24.1478439425|2
24.1314168378|2
24.1232032854|2
24.1177275838|2
24.090349076|2
24.0657084189|2
24.038329911|2
24.0136892539|2
24.0082135524|2
23.9972621492|2
23.9917864476|2
23.9342915811|2
23.9178644764|2
23.8631074606|2
23.8576317591|2
23.8357289528|2
23.8110882957|2
23.742642026|2
23.7344284736|2
23.7097878166|2
23.6796714579|2
23.6769336071|2
23.6413415469|2
23.6331279945|2
23.6221765914|2
23.5893223819|2
23.5783709788|2
23.5455167693|2
23.5181382615|2
23.498973306|2
23.4962354552|2
23.4907597536|2
23.485284052|2
23.4496919918|2
23.4414784394|2
23.4223134839|2
23.4004106776|2
23.3976728268|2
23.3921971253|2
23.3894592745|2
23.3593429158|2
23.3292265572|2
23.3210130048|2
23.2991101985|2
23.2744695414|2
23.2580424367|2
23.2388774812|2
23.2306639288|2
23.1868583162|2
23.1841204654|2
23.0882956879|2
23.0855578371|2
23.0116358658|2
23.0034223135|2
22.9815195072|2
22.9158110883|2
22.8774811773|2
22.8747433265|2
22.7296372348|2
22.6995208761|2
22.6310746064|2
22.6201232033|2
22.5900068446|2
22.5653661875|2
22.507871321|2
22.4859685147|2
22.4750171116|2
22.4640657084|2
22.379192334|2
22.3737166324|2
22.3600273785|2
22.2313483915|2
22.2067077344|2
22.2039698836|2
22.1273100616|2
22.0889801506|2
22.0698151951|2
22.0342231348|2
21.993155373|2
21.9603011636|2
21.9520876112|2
21.9329226557|2
21.8891170431|2
21.8206707734|2
21.7905544148|2
21.7823408624|2
21.7303216975|2
21.6919917864|2
21.6290212183|2
21.5277207392|2
21.4620123203|2
21.440109514|2
21.4236824093|2
21.2758384668|2
21.2703627652|2
21.2676249144|2
21.2128678987|2
21.0924024641|2
21.0732375086|2
21.0376454483|2
20.9691991786|2
20.9664613279|2
20.8925393566|2
20.681724846|2
20.6187542779|2
20.4435318275|2
20.3312799452|2
20.3093771389|2
20.257357974|2
20.0328542094|2
20.0219028063|2
19.9945242984|2
19.9863107461|2
19.6687200548|2
19.4442162902|2
19.2251882272|2
19.1184120465|2
18.9349760438|2
18.841889117|2
18.2806297057|2
17.9192334018|2
17.6098562628|2
46.0177960301|1
45.9411362081|1
45.8453114305|1
45.6919917864|1
45.5386721424|1
45.3442847365|1
45.2511978097|1
44.4818617385|1
44.3668720055|1
44.1971252567|1
43.871321013|1
43.6194387406|1
43.6002737851|1
43.5646817248|1
43.5044490075|1
43.4661190965|1
43.1786447639|1
43.1594798084|1
43.1403148528|1
42.8966461328|1
42.8692676249|1
42.7570157426|1
42.6995208761|1
42.5325119781|1
42.3189596167|1
42.2943189596|1
42.2833675565|1
42.264202601|1
42.2450376454|1
42.2258726899|1
42.2039698836|1
42.1820670773|1
42.0670773443|1
41.9383983573|1
41.9329226557|1
41.9192334018|1
41.9028062971|1
41.8590006845|1
41.8425735797|1
41.8370978782|1
41.7850787132|1
41.6153319644|1
41.5934291581|1
41.4209445585|1
41.4154688569|1
41.3169062286|1
41.28678987|1
41.2621492129|1
41.2484599589|1
41.2238193018|1
41.1252566735|1
41.0650239562|1
41.0212183436|1
40.9965776865|1
40.977412731|1
40.9500342231|1
40.9308692676|1
40.9034907598|1
40.8569472964|1
40.8459958932|1
40.8158795346|1
40.7885010267|1
40.7255304586|1
40.6187542779|1
40.5804243669|1
40.5311430527|1
40.5284052019|1
40.424366872|1
40.3832991102|1
40.3203285421|1
40.2327173169|1
40.1533196441|1
40.1478439425|1
40.1368925394|1
40.0711841205|1
40.0492813142|1
40.0|1
39.9945242984|1
39.9780971937|1
39.9753593429|1
39.9561943874|1
39.9069130732|1
39.8822724162|1
39.8110882957|1
39.7864476386|1
39.7180013689|1
39.6769336071|1
39.6303901437|1
39.627652293|1
39.6194387406|1
39.6030116359|1
39.5920602327|1
39.5728952772|1
39.5592060233|1
39.485284052|1
39.4661190965|1
39.4387405886|1
39.4031485284|1
39.3839835729|1
39.370294319|1
39.3511293634|1
39.3045859001|1
39.2936344969|1
39.2744695414|1
39.1923340178|1
39.1676933607|1
39.1403148528|1
39.099247091|1
39.0965092402|1
39.0937713895|1
39.0910335387|1
39.0828199863|1
39.0636550308|1
39.0554414784|1
39.0390143737|1
39.0335386721|1
39.0253251198|1
39.0198494182|1
38.9979466119|1
38.945927447|1
38.9295003422|1
38.9185489391|1
38.9130732375|1
38.8884325804|1
38.8856947296|1
38.8829568789|1
38.8309377139|1
38.8145106092|1
38.7926078029|1
38.7898699521|1
38.7789185489|1
38.7761806982|1
38.7679671458|1
38.765229295|1
38.7460643395|1
38.7405886379|1
38.726899384|1
38.6666666667|1
38.6529774127|1
38.6447638604|1
38.6338124572|1
38.6173853525|1
38.6119096509|1
38.6036960986|1
38.598220397|1
38.5900068446|1
38.5872689938|1
38.5763175907|1
38.5681040383|1
38.5626283368|1
38.5242984257|1
38.507871321|1
38.5051334702|1
38.4969199179|1
38.4832306639|1
38.4613278576|1
38.4421629021|1
38.4339493498|1
38.4065708419|1
38.3463381246|1
38.3271731691|1
38.3244353183|1
38.3189596167|1
38.3107460643|1
38.2915811088|1
38.288843258|1
38.2778918549|1
38.2587268994|1
38.2422997947|1
38.1820670773|1
38.1765913758|1
38.1081451061|1
38.0533880903|1
38.0506502396|1
38.0396988364|1
37.9767282683|1
37.9739904175|1
37.9657768652|1
37.9438740589|1
37.9274469541|1
37.8973305955|1
37.8754277892|1
37.8726899384|1
37.8507871321|1
37.8370978782|1
37.826146475|1
37.7932922656|1
37.7686516085|1
37.6865160849|1
37.6755646817|1
37.6618754278|1
37.6563997262|1
37.6427104723|1
37.6290212183|1
37.6153319644|1
37.5797399042|1
37.5441478439|1
37.5085557837|1
37.4839151266|1
37.4510609172|1
37.4455852156|1
37.4346338125|1
37.4072553046|1
37.3442847365|1
37.3305954825|1
37.3278576318|1
37.3223819302|1
37.3004791239|1
37.273100616|1
37.2484599589|1
37.2375085558|1
37.2320328542|1
37.2183436003|1
37.158110883|1
37.1225188227|1
37.1143052704|1
37.1006160164|1
37.0978781656|1
37.0349075975|1
37.0047912389|1
36.9801505818|1
36.9472963723|1
36.9253935661|1
36.9089664613|1
36.887063655|1
36.8761122519|1
36.8706365503|1
36.8678986995|1
36.8295687885|1
36.8158795346|1
36.7912388775|1
36.7611225188|1
36.7556468172|1
36.7474332649|1
36.7364818617|1
36.7145790554|1
36.6954140999|1
36.6707734428|1
36.6516084873|1
36.6488706366|1
36.6461327858|1
36.6351813826|1
36.6324435318|1
36.6078028747|1
36.5968514716|1
36.59137577|1
36.5311430527|1
36.5256673511|1
36.5201916496|1
36.5119780972|1
36.4928131417|1
36.4873374401|1
36.4818617385|1
36.4490075291|1
36.4435318275|1
36.4325804244|1
36.4188911704|1
36.3668720055|1
36.3531827515|1
36.3449691992|1
36.3203285421|1
36.2984257358|1
36.2765229295|1
36.2628336756|1
36.257357974|1
36.2299794661|1
36.2080766598|1
36.1752224504|1
36.1587953457|1
36.1423682409|1
36.128678987|1
36.1204654346|1
36.1149897331|1
36.1013004791|1
36.0958247775|1
36.0657084189|1
36.0574948665|1
36.052019165|1
36.0438056126|1
36.0109514031|1
36.0027378508|1
35.9945242984|1
35.9780971937|1
35.9753593429|1
35.961670089|1
35.9425051335|1
35.8986995209|1
35.8767967146|1
35.8603696099|1
35.832991102|1
35.8165639973|1
35.8110882957|1
35.7782340862|1
35.7645448323|1
35.7289527721|1
35.7125256674|1
35.6988364134|1
35.6960985626|1
35.6769336071|1
35.6550308008|1
35.6331279945|1
35.627652293|1
35.6221765914|1
35.6194387406|1
35.5783709788|1
35.5482546201|1
35.5400410678|1
35.5263518138|1
35.523613963|1
35.5208761123|1
35.4934976044|1
35.4770704997|1
35.446954141|1
35.4332648871|1
35.4195756331|1
35.3867214237|1
35.3675564682|1
35.3648186174|1
35.3620807666|1
35.3593429158|1
35.356605065|1
35.3347022587|1
35.3210130048|1
35.3100616016|1
35.2772073922|1
35.2744695414|1
35.2717316906|1
35.266255989|1
35.2525667351|1
35.241615332|1
35.2388774812|1
35.2334017796|1
35.227926078|1
35.2197125257|1
35.2169746749|1
35.2060232717|1
35.1923340178|1
35.1868583162|1
35.1676933607|1
35.1622176591|1
35.1211498973|1
35.112936345|1
35.0554414784|1
35.0527036277|1
35.0499657769|1
35.0362765229|1
34.9869952088|1
34.9815195072|1
34.970568104|1
34.9596167009|1
34.9486652977|1
34.9349760438|1
34.8993839836|1
34.8802190281|1
34.8774811773|1
34.8692676249|1
34.8610540726|1
34.8336755647|1
34.7679671458|1
34.765229295|1
34.7542778919|1
34.7488021903|1
34.7378507871|1
34.7159479808|1
34.6803559206|1
34.6611909651|1
34.6584531143|1
34.6475017112|1
34.6173853525|1
34.6146475017|1
34.6091718001|1
34.5790554415|1
34.5653661875|1
34.5626283368|1
34.5160848734|1
34.4969199179|1
34.4750171116|1
34.46954141|1
34.4476386037|1
34.4366872005|1
34.417522245|1
34.3709787817|1
34.3518138261|1
34.3436002738|1
34.3216974675|1
34.3052703628|1
34.2833675565|1
34.2806297057|1
34.2778918549|1
34.2422997947|1
34.2313483915|1
34.2286105407|1
34.2203969884|1
34.212183436|1
34.1902806297|1
34.1848049281|1
34.1820670773|1
34.1492128679|1
34.1464750171|1
34.135523614|1
34.1136208077|1
34.0944558522|1
34.0342231348|1
34.0314852841|1
34.006844627|1
33.9904175222|1
33.9849418207|1
33.9794661191|1
33.954825462|1
33.9247091034|1
33.9219712526|1
33.9192334018|1
33.9110198494|1
33.9000684463|1
33.8973305955|1
33.8754277892|1
33.8206707734|1
33.8097193703|1
33.7960301164|1
33.7796030116|1
33.7741273101|1
33.7604380561|1
33.7221081451|1
33.7084188912|1
33.7002053388|1
33.6837782341|1
33.6783025325|1
33.6673511294|1
33.6153319644|1
33.6043805613|1
33.6016427105|1
33.5989048597|1
33.5578370979|1
33.5550992471|1
33.5496235455|1
33.5386721424|1
33.5249828884|1
33.4757015743|1
33.4702258727|1
33.4674880219|1
33.4236824093|1
33.4099931554|1
33.3853524983|1
33.3744010951|1
33.3607118412|1
33.3524982888|1
33.3442847365|1
33.3086926762|1
33.2840520192|1
33.2210814511|1
33.2156057495|1
33.2128678987|1
33.2101300479|1
33.2046543463|1
33.2019164956|1
33.1909650924|1
33.1252566735|1
33.1225188227|1
33.1143052704|1
33.0896646133|1
33.0568104038|1
33.0513347023|1
33.0349075975|1
33.0266940452|1
33.0102669405|1
32.8788501027|1
32.8651608487|1
32.8542094456|1
32.8323066393|1
32.8158795346|1
32.8021902806|1
32.7967145791|1
32.7775496235|1
32.7665982204|1
32.7611225188|1
32.7556468172|1
32.7529089665|1
32.7474332649|1
32.7145790554|1
32.6598220397|1
32.643394935|1
32.6132785763|1
32.6023271732|1
32.5886379192|1
32.5722108145|1
32.5612594114|1
32.5119780972|1
32.4900752909|1
32.4599589322|1
32.4490075291|1
32.4161533196|1
32.4079397673|1
32.386036961|1
32.3750855578|1
32.3531827515|1
32.3504449008|1
32.3258042437|1
32.3148528405|1
32.3121149897|1
32.3066392882|1
32.2381930185|1
32.2327173169|1
32.205338809|1
32.1998631075|1
32.1697467488|1
32.1587953457|1
32.1533196441|1
32.128678987|1
32.1177275838|1
32.0985626283|1
32.0930869268|1
32.076659822|1
32.0739219713|1
32.0711841205|1
32.0602327173|1
32.0574948665|1
32.0438056126|1
32.0191649555|1
32.0109514031|1
31.9890485969|1
31.9863107461|1
31.9561943874|1
31.9397672827|1
31.9370294319|1
31.9178644764|1
31.8904859685|1
31.8795345654|1
31.8548939083|1
31.8001368925|1
31.7973990418|1
31.7864476386|1
31.7645448323|1
31.7618069815|1
31.7590691307|1
31.7344284736|1
31.7180013689|1
31.5947980835|1
31.5619438741|1
31.5263518138|1
31.5154004107|1
31.5044490075|1
31.4907597536|1
31.4551676934|1
31.4496919918|1
31.4414784394|1
31.4332648871|1
31.4305270363|1
31.4277891855|1
31.4140999316|1
31.3976728268|1
31.3730321697|1
31.3127994524|1
31.3045859001|1
31.2580424367|1
31.2443531828|1
31.2334017796|1
31.2197125257|1
31.2060232717|1
31.1978097194|1
31.1923340178|1
31.1759069131|1
31.1704312115|1
31.1649555099|1
31.1430527036|1
31.1266255989|1
31.1184120465|1
31.0855578371|1
31.0800821355|1
31.0527036277|1
31.0499657769|1
31.0335386721|1
31.0253251198|1
30.9869952088|1
30.9760438056|1
30.9733059548|1
30.9486652977|1
30.9431895962|1
30.9130732375|1
30.8993839836|1
30.8911704312|1
30.8829568789|1
30.8802190281|1
30.8583162218|1
30.8473648186|1
30.8446269678|1
30.8336755647|1
30.8227241615|1
30.803559206|1
30.7926078029|1
30.7843942505|1
30.7789185489|1
30.7679671458|1
30.7597535934|1
30.7433264887|1
30.7378507871|1
30.71321013|1
30.6803559206|1
30.6721423682|1
30.6475017112|1
30.6255989049|1
30.598220397|1
30.5845311431|1
30.5735797399|1
30.5681040383|1
30.5242984257|1
30.4941820671|1
30.4722792608|1
30.4531143053|1
30.4503764545|1
30.4366872005|1
30.4339493498|1
30.4284736482|1
30.3819301848|1
30.3764544832|1
30.3600273785|1
30.3572895277|1
30.340862423|1
30.3353867214|1
30.3326488706|1
30.3244353183|1
30.3162217659|1
30.2450376454|1
30.2313483915|1
30.2176591376|1
30.2039698836|1
30.1711156742|1
30.1683778234|1
30.1656399726|1
30.1546885695|1
30.1464750171|1
30.1382614648|1
30.1273100616|1
30.12183436|1
30.1108829569|1
30.1081451061|1
30.0944558522|1
30.0889801506|1
30.0561259411|1
30.006844627|1
29.9794661191|1
29.9712525667|1
29.9575633128|1
29.954825462|1
29.9383983573|1
29.9219712526|1
29.9192334018|1
29.9110198494|1
29.9000684463|1
29.864476386|1
29.8562628337|1
29.8370978782|1
29.8343600274|1
29.826146475|1
29.8234086242|1
29.8179329227|1
29.8069815195|1
29.7659137577|1
29.7631759069|1
29.7604380561|1
29.7549623546|1
29.7275838467|1
29.7248459959|1
29.7166324435|1
29.711156742|1
29.6317590691|1
29.5797399042|1
29.568788501|1
29.5523613963|1
29.5085557837|1
29.4893908282|1
29.4784394251|1
29.4620123203|1
29.4428473648|1
29.4291581109|1
29.4264202601|1
29.4045174538|1
29.401779603|1
29.3990417522|1
29.3826146475|1
29.3744010951|1
29.3579739904|1
29.3524982888|1
29.3388090349|1
29.3278576318|1
29.311430527|1
29.3086926762|1
29.3059548255|1
29.3004791239|1
29.2840520192|1
29.2676249144|1
29.2402464066|1
29.2210814511|1
29.18275154|1
29.1690622861|1
29.1498973306|1
29.1225188227|1
29.106091718|1
29.0924024641|1
29.0869267625|1
29.0759753593|1
29.067761807|1
29.0513347023|1
29.0403832991|1
29.0212183436|1
29.0102669405|1
28.9856262834|1
28.9746748802|1
28.9637234771|1
28.9609856263|1
28.9527720739|1
28.9445585216|1
28.9253935661|1
28.9089664613|1
28.887063655|1
28.8788501027|1
28.8678986995|1
28.8651608487|1
28.8213552361|1
28.8076659822|1
28.7693360712|1
28.7501711157|1
28.7474332649|1
28.7392197125|1
28.7310061602|1
28.720054757|1
28.7036276523|1
28.6926762491|1
28.6570841889|1
28.6379192334|1
28.6324435318|1
28.6023271732|1
28.5694729637|1
28.5612594114|1
28.5475701574|1
28.5284052019|1
28.5256673511|1
28.4517453799|1
28.4407939767|1
28.4298425736|1
28.3750855578|1
28.372347707|1
28.3504449008|1
28.3449691992|1
28.334017796|1
28.3285420945|1
28.2819986311|1
28.2655715264|1
28.2464065708|1
28.2436687201|1
28.2409308693|1
28.2381930185|1
28.2299794661|1
28.2272416153|1
28.1889117043|1
28.180698152|1
28.1752224504|1
28.1724845996|1
28.1423682409|1
28.1067761807|1
28.1013004791|1
28.0930869268|1
28.076659822|1
28.0711841205|1
28.0574948665|1
28.0492813142|1
28.0465434634|1
28.0410677618|1
28.0246406571|1
28.0027378508|1
27.9589322382|1
27.9288158795|1
27.9123887748|1
27.9069130732|1
27.8986995209|1
27.8822724162|1
27.8795345654|1
27.8302532512|1
27.8028747433|1
27.780971937|1
27.7508555784|1
27.7481177276|1
27.7234770705|1
27.6960985626|1
27.6933607118|1
27.6632443532|1
27.6605065024|1
27.6331279945|1
27.613963039|1
27.6057494867|1
27.5975359343|1
27.5811088296|1
27.5674195756|1
27.5071868583|1
27.4880219028|1
27.4715947981|1
27.4688569473|1
27.4633812457|1
27.4606433949|1
27.4414784394|1
27.4305270363|1
27.4277891855|1
27.4195756331|1
27.4168377823|1
27.3867214237|1
27.3812457221|1
27.3620807666|1
27.3264887064|1
27.3237508556|1
27.3155373032|1
27.2908966461|1
27.2854209446|1
27.2607802875|1
27.2580424367|1
27.2388774812|1
27.227926078|1
27.2251882272|1
27.2142368241|1
27.1841204654|1
27.1759069131|1
27.1704312115|1
27.1293634497|1
27.1266255989|1
27.1184120465|1
27.1101984942|1
27.0937713895|1
27.0663928816|1
27.0636550308|1
27.0581793292|1
27.0472279261|1
27.0335386721|1
27.0061601643|1
26.9979466119|1
26.9869952088|1
26.984257358|1
26.9787816564|1
26.9623545517|1
26.9568788501|1
26.9377138946|1
26.9158110883|1
26.8966461328|1
26.8802190281|1
26.8665297741|1
26.8610540726|1
26.8336755647|1
26.8281998631|1
26.8062970568|1
26.7707049966|1
26.765229295|1
26.7515400411|1
26.7296372348|1
26.726899384|1
26.7049965777|1
26.6995208761|1
26.6967830253|1
26.6913073238|1
26.6584531143|1
26.6529774127|1
26.6502395619|1
26.6283367556|1
26.6255989049|1
26.598220397|1
26.5900068446|1
26.5653661875|1
26.5571526352|1
26.5270362765|1
26.5242984257|1
26.5188227242|1
26.5160848734|1
26.507871321|1
26.5023956194|1
26.4914442163|1
26.4832306639|1
26.4777549624|1
26.46954141|1
26.4394250513|1
26.4339493498|1
26.4257357974|1
26.417522245|1
26.4010951403|1
26.3846680356|1
26.379192334|1
26.3709787817|1
26.3627652293|1
26.3463381246|1
26.340862423|1
26.3299110198|1
26.2970568104|1
26.2943189596|1
26.2806297057|1
26.2724161533|1
26.264202601|1
26.2477754962|1
26.2368240931|1
26.2313483915|1
26.1957563313|1
26.1765913758|1
26.1629021218|1
26.1190965092|1
26.1163586585|1
26.1136208077|1
26.1108829569|1
26.1081451061|1
26.0999315537|1
26.0752908966|1
26.0725530459|1
26.0561259411|1
26.0479123888|1
26.045174538|1
26.0396988364|1
26.0205338809|1
26.006844627|1
25.993155373|1
25.9822039699|1
25.9794661191|1
25.9767282683|1
25.9685147159|1
25.9466119097|1
25.9274469541|1
25.9247091034|1
25.916495551|1
25.9055441478|1
25.9000684463|1
25.8918548939|1
25.8863791923|1
25.8836413415|1
25.8617385352|1
25.8590006845|1
25.8535249829|1
25.8151950719|1
25.7987679671|1
25.7960301164|1
25.7659137577|1
25.7604380561|1
25.7577002053|1
25.735797399|1
25.7330595483|1
25.7303216975|1
25.7221081451|1
25.7084188912|1
25.6892539357|1
25.6783025325|1
25.6700889802|1
25.6563997262|1
25.6454483231|1
25.6372347707|1
25.6098562628|1
25.607118412|1
25.5906913073|1
25.5468856947|1
25.5414099932|1
25.5277207392|1
25.5249828884|1
25.5112936345|1
25.5030800821|1
25.4757015743|1
25.4729637235|1
25.4674880219|1
25.4647501711|1
25.4346338125|1
25.4318959617|1
25.4182067077|1
25.4154688569|1
25.4127310062|1
25.3744010951|1
25.363449692|1
25.3552361396|1
25.3524982888|1
25.3388090349|1
25.3333333333|1
25.325119781|1
25.311430527|1
25.2676249144|1
25.2484599589|1
25.2128678987|1
25.1800136893|1
25.1718001369|1
25.1389459274|1
25.1279945243|1
25.1225188227|1
25.1033538672|1
25.1006160164|1
25.0814510609|1
25.0787132101|1
25.0568104038|1
25.054072553|1
25.0485968515|1
25.0376454483|1
25.029431896|1
25.0239561944|1
25.0075290897|1
25.0020533881|1
24.9746748802|1
24.9500342231|1
24.93908282|1
24.9363449692|1
24.9308692676|1
24.9171800137|1
24.8761122519|1
24.8706365503|1
24.8596851472|1
24.8459958932|1
24.8268309377|1
24.8131416838|1
24.7994524298|1
24.7967145791|1
24.7885010267|1
24.7611225188|1
24.7063655031|1
24.6926762491|1
24.6735112936|1
24.6707734428|1
24.6652977413|1
24.6488706366|1
24.6406570842|1
24.6105407255|1
24.6078028747|1
24.6023271732|1
24.5503080082|1
24.5420944559|1
24.4982888433|1
24.4955509925|1
24.4709103354|1
24.4654346338|1
24.4435318275|1
24.4353182752|1
24.4325804244|1
24.4271047228|1
24.4216290212|1
24.3915126626|1
24.3778234086|1
24.3750855578|1
24.372347707|1
24.3668720055|1
24.3504449008|1
24.3230663929|1
24.3175906913|1
24.2984257358|1
24.2847364819|1
24.2737850787|1
24.2628336756|1
24.2381930185|1
24.2135523614|1
24.1943874059|1
24.1889117043|1
24.1697467488|1
24.1533196441|1
24.1423682409|1
24.1095140315|1
24.0602327173|1
24.0328542094|1
24.0191649555|1
23.9835728953|1
23.9780971937|1
23.9671457906|1
23.9288158795|1
23.909650924|1
23.8986995209|1
23.8877481177|1
23.8822724162|1
23.871321013|1
23.8685831622|1
23.832991102|1
23.8302532512|1
23.8275154004|1
23.8247775496|1
23.8220396988|1
23.8138261465|1
23.8083504449|1
23.7864476386|1
23.7727583847|1
23.7700205339|1
23.7590691307|1
23.7535934292|1
23.7508555784|1
23.7289527721|1
23.6988364134|1
23.6933607118|1
23.6851471595|1
23.6084873374|1
23.5865845311|1
23.575633128|1
23.5674195756|1
23.5537303217|1
23.5509924709|1
23.5482546201|1
23.5400410678|1
23.5290896646|1
23.523613963|1
23.5126625599|1
23.5044490075|1
23.5017111567|1
23.4825462012|1
23.4688569473|1
23.4551676934|1
23.4524298426|1
23.446954141|1
23.4332648871|1
23.4113620808|1
23.3812457221|1
23.3757700205|1
23.3730321697|1
23.3648186174|1
23.3538672142|1
23.3374401095|1
23.3237508556|1
23.3045859001|1
23.2963723477|1
23.2854209446|1
23.2826830938|1
23.279945243|1
23.2717316906|1
23.2470910335|1
23.2443531828|1
23.2197125257|1
23.2169746749|1
23.2005475702|1
23.1978097194|1
23.1950718686|1
23.1813826146|1
23.1786447639|1
23.1540041068|1
23.151266256|1
23.1238877481|1
23.1211498973|1
23.112936345|1
23.1047227926|1
23.1019849418|1
23.0937713895|1
23.0636550308|1
23.0308008214|1
23.0253251198|1
23.0171115674|1
22.9952087611|1
22.9869952088|1
22.9760438056|1
22.970568104|1
22.9678302533|1
22.9623545517|1
22.9541409993|1
22.9185489391|1
22.9130732375|1
22.9075975359|1
22.8993839836|1
22.8966461328|1
22.8911704312|1
22.8528405202|1
22.8473648186|1
22.8391512663|1
22.8309377139|1
22.8227241615|1
22.8008213552|1
22.7816563997|1
22.7597535934|1
22.7570157426|1
22.7460643395|1
22.7433264887|1
22.7378507871|1
22.7214236824|1
22.71321013|1
22.7077344285|1
22.6967830253|1
22.688569473|1
22.6858316222|1
22.674880219|1
22.6721423682|1
22.6502395619|1
22.6447638604|1
22.6392881588|1
22.6119096509|1
22.5817932923|1
22.5626283368|1
22.5544147844|1
22.5379876797|1
22.5270362765|1
22.4996577687|1
22.4531143053|1
22.4421629021|1
22.4257357974|1
22.4010951403|1
22.392881588|1
22.3846680356|1
22.3682409309|1
22.3381245722|1
22.3244353183|1
22.3052703628|1
22.302532512|1
22.2669404517|1
22.2559890486|1
22.250513347|1
22.2477754962|1
22.2258726899|1
22.2231348392|1
22.2149212868|1
22.1930184805|1
22.1875427789|1
22.1574264203|1
22.1546885695|1
22.1519507187|1
22.12183436|1
22.1081451061|1
22.1026694045|1
22.083504449|1
22.0725530459|1
22.0232717317|1
21.9657768652|1
21.9383983573|1
21.9274469541|1
21.916495551|1
21.8973305955|1
21.8863791923|1
21.864476386|1
21.8480492813|1
21.8316221766|1
21.8124572211|1
21.8042436687|1
21.8015058179|1
21.7631759069|1
21.7604380561|1
21.7522245038|1
21.7330595483|1
21.6892539357|1
21.6098562628|1
21.5879534565|1
21.5414099932|1
21.5167693361|1
21.4565366188|1
21.4428473648|1
21.4182067077|1
21.3470225873|1
21.3305954825|1
21.3196440794|1
21.3141683778|1
21.3032169747|1
21.2950034223|1
21.2457221081|1
21.2292950034|1
21.1800136893|1
21.1416837782|1
21.1307323751|1
21.1197809719|1
21.0759753593|1
21.0650239562|1
21.0075290897|1
20.9883641342|1
20.9609856263|1
20.9117043121|1
20.900752909|1
20.8898015058|1
20.8733744011|1
20.8514715948|1
20.7638603696|1
20.733744011|1
20.7173169062|1
20.6570841889|1
20.6488706366|1
20.6324435318|1
20.5886379192|1
20.5119780972|1
20.5065023956|1
20.4681724846|1
20.462696783|1
20.4599589322|1
20.4271047228|1
20.3668720055|1
20.2819986311|1
20.2080766598|1
20.1971252567|1
20.1752224504|1
20.128678987|1
20.0958247775|1
20.0684462697|1
20.0273785079|1
20.0246406571|1
20.0136892539|1
19.9917864476|1
19.9425051335|1
19.9151266256|1
19.832991102|1
19.7891854894|1
19.7864476386|1
19.7371663244|1
19.6030116359|1
19.5071868583|1
19.2142368241|1
19.2032854209|1
19.1978097194|1
19.1622176591|1
19.1211498973|1
19.0143737166|1
18.9897330595|1
18.9103353867|1
18.8364134155|1
18.8062970568|1
18.7734428474|1
18.6283367556|1
18.6009582478|1
18.3134839151|1
18.2614647502|1
18.2176591376|1
18.0698151951|1
17.9110198494|1
17.8754277892|1
17.6810403833|1
17.6728268309|1
17.5030800821|1
16.6214921287|1
