   1279 100284
   1265 103819
   1115 104925
   1086 104745
   1075 100656
    945 100282
    936 100119
    886 100581
    872 101736
    819 100126
    818 100074
    804 101222
    766 101948
    747 104918
    745 100174
    740 103970
    716 101414
    702 100261
    677 100084
    664 102021
    654 100437
    643 104607
    627 101404
    619 103720
    613 102338
    612 104053
    608 100232
    607 104755
    604 101964
    604 100255
    597 100244
    588 100286
    586 105227
    580 100029
    578 102845
    573 104527
    572 103163
    570 101062
    569 100087
    559 104269
    554 104792
    553 100309
    545 100280
    543 100016
    542 100115
    539 100342
    534 103990
    534 100060
    532 100653
    525 100434
    520 100763
    512 103852
    512 101965
    508 104468
    508 101793
    505 100113
    500 102450
    499 104022
    490 100128
    489 104545
    484 103786
    482 104259
    482 100676
    479 103507
    478 100144
    473 104542
    470 102148
    456 100300
    448 102358
    447 101843
    443 105223
    442 105777
    440 101084
    439 102374
    438 102257
    436 105453
    434 101820
    433 101142
    431 100141
    430 103344
    429 100332
    424 103498
    424 100127
    423 100644
    423 100203
    421 100073
    419 104926
    417 100321
    416 102035
    416 100214
    415 101320
    414 101990
    413 101434
    412 101774
    411 103813
    406 105138
    405 100055
    402 100586
    400 104597
    398 100135
